0.000000000000000000e+00,2.119484819876423742e+01
1.001001001001001062e-01,2.742252666082223556e+01
2.002002002002002123e-01,2.117409461632609435e+01
3.003003003003003046e-01,1.715649240674909137e+01
4.004004004004004247e-01,2.936087973463816070e+01
5.005005005005005447e-01,1.480930524100789114e+01
6.006006006006006093e-01,1.666598450383101238e+01
7.007007007007007848e-01,1.369525512530349332e+01
8.008008008008008494e-01,2.088006196467695474e+01
9.009009009009009139e-01,3.166074433195619164e+01
1.001001001001001089e+00,1.674303320797707784e+01
1.101101101101101154e+00,1.784690324737502465e+01
1.201201201201201219e+00,2.337558108768018883e+01
1.301301301301301283e+00,3.031325061606992932e+01
1.401401401401401570e+00,1.495348388026163278e+01
1.501501501501501634e+00,2.099274133442822077e+01
1.601601601601601699e+00,3.175020237661060207e+01
1.701701701701701763e+00,1.665639451828867124e+01
1.801801801801801828e+00,2.832921747422963676e+01
1.901901901901902114e+00,2.378505436048417110e+01
2.002002002002002179e+00,1.621226014118758840e+01
2.102102102102102243e+00,1.525682376224480663e+01
2.202202202202202308e+00,1.913607556825931511e+01
2.302302302302302373e+00,3.289965261418547726e+01
2.402402402402402437e+00,2.095183368849361472e+01
2.502502502502502502e+00,3.275654318213803151e+01
2.602602602602602566e+00,2.215684904901554120e+01
2.702702702702703075e+00,3.137875021831882805e+01
2.802802802802803139e+00,3.313827250804339997e+01
2.902902902902903204e+00,3.314163670390685468e+01
3.003003003003003268e+00,2.796996309044737572e+01
3.103103103103103333e+00,2.405530618749483551e+01
3.203203203203203397e+00,2.907626575200064778e+01
3.303303303303303462e+00,1.480862627773526974e+01
3.403403403403403527e+00,3.322315158895609244e+01
3.503503503503503591e+00,1.815819274035963815e+01
3.603603603603603656e+00,2.344255109255792746e+01
3.703703703703703720e+00,1.952962962637804623e+01
3.803803803803804229e+00,1.493621233704400098e+01
3.903903903903904293e+00,2.675879144795467113e+01
4.004004004004004358e+00,3.344594001928042815e+01
4.104104104104104422e+00,2.719080164970139180e+01
4.204204204204204487e+00,1.623869190595973322e+01
4.304304304304304551e+00,3.270683687509446713e+01
4.404404404404404616e+00,3.441822479773938426e+01
4.504504504504504681e+00,2.913560210053629262e+01
4.604604604604604745e+00,2.852202446837080529e+01
4.704704704704704810e+00,3.281500230140284202e+01
4.804804804804804874e+00,2.251107741414132590e+01
4.904904904904904939e+00,1.956271973698235200e+01
5.005005005005005003e+00,2.173847494858559770e+01
5.105105105105105068e+00,2.838429692502464263e+01
5.205205205205205132e+00,2.079972276815008314e+01
5.305305305305305197e+00,1.979688205439775217e+01
5.405405405405406150e+00,3.560916123147848822e+01
5.505505505505506214e+00,3.244694309341500826e+01
5.605605605605606279e+00,1.759012286597316788e+01
5.705705705705706343e+00,2.737356628465289177e+01
5.805805805805806408e+00,2.995206899312972837e+01
5.905905905905906472e+00,2.950206405588637537e+01
6.006006006006006537e+00,1.778298329018901214e+01
6.106106106106106601e+00,3.186360025022059972e+01
6.206206206206206666e+00,3.592469442368108901e+01
6.306306306306306730e+00,3.601373402958358128e+01
6.406406406406406795e+00,3.497143918586951372e+01
6.506506506506506859e+00,3.606437251755117046e+01
6.606606606606606924e+00,2.287719121955056778e+01
6.706706706706706989e+00,2.801340488427302589e+01
6.806806806806807053e+00,1.838636464496089218e+01
6.906906906906907118e+00,2.532682667998912152e+01
7.007007007007007182e+00,3.446320969837657344e+01
7.107107107107107247e+00,2.521074012943217468e+01
7.207207207207207311e+00,1.901865234858199827e+01
7.307307307307307376e+00,2.057314771076574189e+01
7.407407407407407440e+00,2.064841137635852775e+01
7.507507507507508393e+00,2.385247285514098081e+01
7.607607607607608458e+00,2.900422372162697116e+01
7.707707707707708522e+00,2.099630425577833748e+01
7.807807807807808587e+00,2.399993702661207351e+01
7.907907907907908651e+00,2.140601949067450960e+01
8.008008008008008716e+00,3.026819554557419067e+01
8.108108108108108780e+00,2.473733397751952623e+01
8.208208208208208845e+00,2.048801806724778984e+01
8.308308308308308909e+00,2.165174209838783881e+01
8.408408408408408974e+00,1.962267157491074698e+01
8.508508508508509038e+00,3.178046040965949715e+01
8.608608608608609103e+00,2.319636979669504484e+01
8.708708708708709167e+00,3.768577039082504143e+01
8.808808808808809232e+00,3.198465492706168334e+01
8.908908908908909297e+00,2.272343615713428377e+01
9.009009009009009361e+00,2.858623324350018891e+01
9.109109109109109426e+00,2.003946225858369701e+01
9.209209209209209490e+00,3.965408550633403451e+01
9.309309309309309555e+00,3.567913268483484757e+01
9.409409409409409619e+00,2.736611868296521521e+01
9.509509509509509684e+00,2.511657293826201709e+01
9.609609609609609748e+00,2.804533130218723613e+01
9.709709709709709813e+00,2.691822195512516913e+01
9.809809809809809877e+00,2.805301798370654609e+01
9.909909909909909942e+00,3.347470986229350842e+01
1.001001001001001001e+01,2.243542604348529323e+01
1.011011011011011007e+01,3.671944175458401105e+01
1.021021021021021014e+01,4.042560607998616717e+01
1.031031031031031020e+01,3.832724375719728016e+01
1.041041041041041026e+01,4.142232769553731941e+01
1.051051051051051033e+01,3.819598622583558978e+01
1.061061061061061039e+01,2.447223515265423543e+01
1.071071071071071223e+01,3.824066967383254223e+01
1.081081081081081230e+01,2.235732562699211456e+01
1.091091091091091236e+01,2.314278004212760109e+01
1.101101101101101243e+01,3.410241863954009744e+01
1.111111111111111249e+01,4.038723749409024322e+01
1.121121121121121256e+01,2.628229689365974409e+01
1.131131131131131262e+01,3.281423569867067158e+01
1.141141141141141269e+01,3.869537511630861104e+01
1.151151151151151275e+01,3.179366270269650130e+01
1.161161161161161282e+01,3.206890107089206055e+01
1.171171171171171288e+01,2.676604320772051437e+01
1.181181181181181294e+01,4.373306112546679003e+01
1.191191191191191301e+01,3.627636805803918207e+01
1.201201201201201307e+01,2.823070231907452410e+01
1.211211211211211314e+01,3.227092437404741077e+01
1.221221221221221320e+01,2.997709205191371495e+01
1.231231231231231327e+01,4.025440602289553738e+01
1.241241241241241333e+01,4.140957933977393424e+01
1.251251251251251340e+01,3.023664861075706511e+01
1.261261261261261346e+01,3.704686891144309868e+01
1.271271271271271353e+01,2.995521987339178338e+01
1.281281281281281359e+01,2.718932661051523070e+01
1.291291291291291365e+01,4.393535772124231187e+01
1.301301301301301372e+01,4.396401069086694946e+01
1.311311311311311378e+01,3.402929182187644130e+01
1.321321321321321385e+01,2.880591711673421074e+01
1.331331331331331391e+01,4.463197331111339849e+01
1.341341341341341398e+01,3.367115630654357972e+01
1.351351351351351404e+01,4.207643065052918985e+01
1.361361361361361411e+01,2.866850378867258442e+01
1.371371371371371417e+01,4.250534790655480322e+01
1.381381381381381424e+01,2.893257523152491828e+01
1.391391391391391430e+01,4.608124769836540224e+01
1.401401401401401436e+01,4.441557643705678515e+01
1.411411411411411443e+01,4.666574532615248927e+01
1.421421421421421449e+01,4.205521344936558847e+01
1.431431431431431456e+01,4.187297857995235972e+01
1.441441441441441462e+01,4.441397749689882346e+01
1.451451451451451469e+01,3.747175464517913213e+01
1.461461461461461475e+01,4.317852019197152913e+01
1.471471471471471482e+01,4.005229406337812748e+01
1.481481481481481488e+01,4.928175971754676965e+01
1.491491491491491495e+01,3.437146607112769914e+01
1.501501501501501679e+01,3.926892757694842118e+01
1.511511511511511685e+01,4.951722751393954525e+01
1.521521521521521692e+01,3.060529284021812657e+01
1.531531531531531698e+01,3.558908520068957415e+01
1.541541541541541704e+01,4.999963690773338953e+01
1.551551551551551711e+01,3.958329980706061235e+01
1.561561561561561717e+01,4.858953198094310011e+01
1.571571571571571724e+01,4.973287023980736876e+01
1.581581581581581730e+01,3.619258658374422311e+01
1.591591591591591737e+01,3.578610214226451092e+01
1.601601601601601743e+01,3.692699420131941679e+01
1.611611611611611750e+01,4.736764782572494425e+01
1.621621621621621756e+01,3.870221671778442385e+01
1.631631631631631763e+01,5.055886658159276692e+01
1.641641641641641769e+01,4.682810739571445424e+01
1.651651651651651775e+01,4.417264309652367160e+01
1.661661661661661782e+01,3.472889651154944346e+01
1.671671671671671788e+01,3.439275448728370321e+01
1.681681681681681795e+01,5.324164139829528608e+01
1.691691691691691801e+01,5.056281306165796963e+01
1.701701701701701808e+01,5.259871902144337241e+01
1.711711711711711814e+01,3.760877198530914711e+01
1.721721721721721821e+01,3.591533498890493092e+01
1.731731731731731827e+01,5.059565724744084747e+01
1.741741741741741833e+01,4.563897023140173559e+01
1.751751751751751840e+01,5.005566558065741845e+01
1.761761761761761846e+01,4.722057490089684961e+01
1.771771771771771853e+01,4.220984053825903715e+01
1.781781781781781859e+01,4.779337562902392023e+01
1.791791791791791866e+01,5.314475026338141816e+01
1.801801801801801872e+01,3.818542657477567559e+01
1.811811811811811879e+01,4.905407212245135895e+01
1.821821821821821885e+01,4.218613843699331767e+01
1.831831831831831892e+01,4.756047083933447084e+01
1.841841841841841898e+01,4.887443977026016739e+01
1.851851851851851904e+01,5.783015116337043082e+01
1.861861861861861911e+01,4.099028085167014268e+01
1.871871871871871917e+01,4.528587313569549622e+01
1.881881881881881924e+01,5.366891732085926492e+01
1.891891891891891930e+01,4.507079797258866449e+01
1.901901901901901937e+01,5.127231267364269485e+01
1.911911911911911943e+01,4.277214891271893293e+01
1.921921921921921950e+01,4.251988294162362081e+01
1.931931931931931956e+01,5.701893497466381433e+01
1.941941941941941963e+01,5.176007149659104556e+01
1.951951951951951969e+01,4.318164171072267976e+01
1.961961961961961975e+01,5.402248012386317555e+01
1.971971971971971982e+01,5.565852143049724532e+01
1.981981981981981988e+01,5.898245232057911380e+01
1.991991991991991995e+01,6.031857981467754826e+01
2.002002002002002001e+01,5.712602014227429237e+01
2.012012012012012008e+01,5.923842733472091027e+01
2.022022022022022014e+01,5.543545851494733512e+01
2.032032032032032021e+01,4.694921908723742376e+01
2.042042042042042027e+01,5.091941015221541278e+01
2.052052052052052034e+01,5.034895618838496034e+01
2.062062062062062040e+01,6.315617659325688749e+01
2.072072072072072046e+01,4.973262528516800529e+01
2.082082082082082053e+01,6.228425410280272700e+01
2.092092092092092059e+01,6.646690087438027206e+01
2.102102102102102066e+01,6.133958496521005088e+01
2.112112112112112072e+01,5.773972913644211502e+01
2.122122122122122079e+01,5.796905735420143913e+01
2.132132132132132085e+01,5.198673210486226282e+01
2.142142142142142447e+01,5.332986988385822968e+01
2.152152152152152453e+01,5.071768856112708335e+01
2.162162162162162460e+01,5.872890437900159810e+01
2.172172172172172466e+01,5.379108296264681854e+01
2.182182182182182473e+01,5.941428079153490671e+01
2.192192192192192479e+01,5.530261258486758180e+01
2.202202202202202486e+01,5.825795134649741414e+01
2.212212212212212492e+01,5.260550055218462973e+01
2.222222222222222499e+01,5.340687142652537034e+01
2.232232232232232505e+01,7.104241788903368615e+01
2.242242242242242511e+01,6.367114644760744824e+01
2.252252252252252518e+01,5.787744021370880887e+01
2.262262262262262524e+01,6.428094284547333359e+01
2.272272272272272531e+01,7.455985229132120651e+01
2.282282282282282537e+01,6.727466643673679414e+01
2.292292292292292544e+01,6.427915021949493735e+01
2.302302302302302550e+01,5.999044777785900351e+01
2.312312312312312557e+01,7.461595682305546973e+01
2.322322322322322563e+01,6.222253805607013533e+01
2.332332332332332570e+01,6.105708745884686550e+01
2.342342342342342576e+01,6.690490418423073038e+01
2.352352352352352582e+01,5.865908029510684685e+01
2.362362362362362589e+01,7.630980877566261711e+01
2.372372372372372595e+01,7.704218191672319449e+01
2.382382382382382602e+01,6.878704249643891444e+01
2.392392392392392608e+01,6.274193780188333136e+01
2.402402402402402615e+01,6.468937314569535602e+01
2.412412412412412621e+01,7.773240146059923461e+01
2.422422422422422628e+01,7.868502266362067132e+01
2.432432432432432634e+01,7.586903705719603863e+01
2.442442442442442641e+01,7.800554483188237498e+01
2.452452452452452647e+01,6.480495610950291052e+01
2.462462462462462653e+01,7.060072411267523762e+01
2.472472472472472660e+01,7.531722469605155368e+01
2.482482482482482666e+01,8.241310429966033269e+01
2.492492492492492673e+01,7.621855678560746128e+01
2.502502502502502679e+01,8.420015155935030293e+01
2.512512512512512686e+01,7.247413019179626303e+01
2.522522522522522692e+01,7.440364796893179289e+01
2.532532532532532699e+01,8.547112542895158072e+01
2.542542542542542705e+01,8.066552634653159259e+01
2.552552552552552712e+01,7.796110622415518776e+01
2.562562562562562718e+01,8.109371158876930963e+01
2.572572572572572724e+01,7.562617397006299313e+01
2.582582582582582731e+01,8.392453138514767375e+01
2.592592592592592737e+01,7.015543264660000489e+01
2.602602602602602744e+01,7.969246367494910999e+01
2.612612612612612750e+01,7.809747823896110219e+01
2.622622622622622757e+01,8.649112591445357623e+01
2.632632632632632763e+01,7.890760093965560884e+01
2.642642642642642770e+01,7.428387751836248754e+01
2.652652652652652776e+01,8.817344342199140783e+01
2.662662662662662783e+01,8.131656826673196292e+01
2.672672672672672789e+01,9.126386355893939140e+01
2.682682682682682795e+01,9.399278422265484778e+01
2.692692692692692802e+01,7.794715150827369143e+01
2.702702702702702808e+01,9.270813614942883873e+01
2.712712712712712815e+01,9.487389328286504053e+01
2.722722722722722821e+01,8.017648011103857186e+01
2.732732732732732828e+01,8.162625281672855238e+01
2.742742742742742834e+01,9.087705492290645282e+01
2.752752752752752841e+01,7.863753303958644381e+01
2.762762762762762847e+01,7.955692764193875632e+01
2.772772772772772854e+01,9.407897239767196140e+01
2.782782782782782860e+01,8.666305787221531887e+01
2.792792792792792866e+01,9.970223532403693412e+01
2.802802802802802873e+01,8.919749914591804441e+01
2.812812812812812879e+01,9.841207940700471113e+01
2.822822822822822886e+01,9.310463451387725797e+01
2.832832832832832892e+01,9.346657997868629764e+01
2.842842842842842899e+01,9.062907402348287178e+01
2.852852852852852905e+01,9.766035029161596981e+01
2.862862862862862912e+01,9.118320392921204132e+01
2.872872872872872918e+01,8.902339477621512742e+01
2.882882882882882924e+01,9.368341352562410407e+01
2.892892892892892931e+01,8.602635580348795941e+01
2.902902902902902937e+01,9.548533209451250059e+01
2.912912912912912944e+01,1.056137447341454561e+02
2.922922922922922950e+01,8.925987881091145937e+01
2.932932932932932957e+01,9.498537466262489204e+01
2.942942942942942963e+01,9.170918557701769203e+01
2.952952952952952970e+01,1.004296754774988614e+02
2.962962962962962976e+01,1.059665101780342127e+02
2.972972972972972983e+01,9.445102320450878608e+01
2.982982982982982989e+01,1.006793548817359891e+02
2.992992992992993351e+01,1.037769895159491398e+02
3.003003003003003357e+01,1.044615009664861986e+02
3.013013013013013364e+01,9.231199428154813802e+01
3.023023023023023370e+01,9.931157339631467096e+01
3.033033033033033377e+01,1.091164960565937179e+02
3.043043043043043383e+01,9.478674393746689475e+01
3.053053053053053389e+01,9.294957063922473139e+01
3.063063063063063396e+01,1.103809985826877238e+02
3.073073073073073402e+01,1.001094626423467133e+02
3.083083083083083409e+01,9.899654944136798917e+01
3.093093093093093415e+01,1.003563581169637757e+02
3.103103103103103422e+01,1.096585907041491765e+02
3.113113113113113428e+01,1.114480912416972274e+02
3.123123123123123435e+01,1.020871687256068014e+02
3.133133133133133441e+01,9.728209153752453631e+01
3.143143143143143448e+01,1.012470077543451055e+02
3.153153153153153454e+01,1.042808396057767055e+02
3.163163163163163460e+01,1.013537321200864199e+02
3.173173173173173467e+01,9.994749201863517385e+01
3.183183183183183473e+01,1.133297676566206746e+02
3.193193193193193480e+01,1.103359234181396999e+02
3.203203203203203486e+01,9.853097586189649348e+01
3.213213213213213493e+01,1.046277151117898825e+02
3.223223223223223499e+01,1.058966812932507793e+02
3.233233233233233506e+01,1.029655993827885823e+02
3.243243243243243512e+01,1.031720512790463005e+02
3.253253253253253519e+01,1.049243955882171804e+02
3.263263263263263525e+01,1.104058282285381978e+02
3.273273273273273531e+01,1.165208951849711241e+02
3.283283283283283538e+01,1.162687824310107203e+02
3.293293293293293544e+01,9.925093297153242133e+01
3.303303303303303551e+01,1.097206147066141710e+02
3.313313313313313557e+01,1.173858653895797488e+02
3.323323323323323564e+01,1.055214418696657646e+02
3.333333333333333570e+01,1.069901481897253746e+02
3.343343343343343577e+01,1.034198725083516024e+02
3.353353353353353583e+01,1.178588025349807964e+02
3.363363363363363590e+01,1.141159091164786616e+02
3.373373373373373596e+01,1.118847020967451442e+02
3.383383383383383602e+01,1.110502713162737081e+02
3.393393393393393609e+01,1.054951657763394337e+02
3.403403403403403615e+01,1.033635066233594699e+02
3.413413413413413622e+01,1.160997286150971206e+02
3.423423423423423628e+01,1.064610623744577822e+02
3.433433433433433635e+01,1.164493448119319510e+02
3.443443443443443641e+01,1.102195917996770191e+02
3.453453453453453648e+01,1.153042919265010653e+02
3.463463463463463654e+01,1.112354648105231121e+02
3.473473473473473661e+01,1.155325399589157342e+02
3.483483483483483667e+01,1.178330881702214583e+02
3.493493493493493673e+01,1.185842468862694687e+02
3.503503503503503680e+01,1.189196044002412407e+02
3.513513513513513686e+01,1.055409790662082656e+02
3.523523523523523693e+01,1.022290598992933610e+02
3.533533533533533699e+01,1.081016634404594754e+02
3.543543543543543706e+01,1.082679253353279734e+02
3.553553553553553712e+01,1.155012293794800371e+02
3.563563563563563719e+01,1.088332679463181876e+02
3.573573573573573725e+01,1.165458015840194435e+02
3.583583583583583732e+01,1.025353595503354853e+02
3.593593593593593738e+01,1.048521249711515964e+02
3.603603603603603744e+01,1.098177776392449800e+02
3.613613613613613751e+01,1.075299492276250390e+02
3.623623623623623757e+01,1.001847169775497264e+02
3.633633633633633764e+01,1.085515246009826171e+02
3.643643643643643770e+01,1.009391537735682363e+02
3.653653653653653777e+01,9.989545525653007019e+01
3.663663663663663783e+01,9.809217865809802106e+01
3.673673673673673790e+01,1.132111927994231024e+02
3.683683683683683796e+01,1.105092094116496924e+02
3.693693693693693803e+01,1.018934609550655779e+02
3.703703703703703809e+01,9.516343639491684314e+01
3.713713713713713815e+01,9.865188130450088977e+01
3.723723723723723822e+01,1.064811253155791348e+02
3.733733733733733828e+01,1.100974323050186854e+02
3.743743743743743835e+01,9.789745681002882804e+01
3.753753753753753841e+01,1.119247922996264890e+02
3.763763763763763848e+01,9.551050696690232655e+01
3.773773773773773854e+01,9.529633745329734040e+01
3.783783783783783861e+01,1.001328196651338089e+02
3.793793793793793867e+01,1.069026848364013063e+02
3.803803803803803874e+01,1.102650404652791565e+02
3.813813813813813880e+01,1.087335620559262566e+02
3.823823823823823886e+01,9.090817501582539251e+01
3.833833833833833893e+01,8.946649738019026188e+01
3.843843843843843899e+01,9.914668924039582976e+01
3.853853853853853906e+01,1.060845239849491293e+02
3.863863863863863912e+01,1.055443231612174486e+02
3.873873873873873919e+01,1.021973178867522734e+02
3.883883883883883925e+01,9.397965834009751518e+01
3.893893893893893932e+01,1.000995555539107045e+02
3.903903903903903938e+01,1.001512010976352656e+02
3.913913913913913944e+01,8.764126005386559370e+01
3.923923923923923951e+01,8.536347621927397711e+01
3.933933933933933957e+01,9.558485928308621737e+01
3.943943943943943964e+01,9.023324364496009764e+01
3.953953953953953970e+01,8.822250631968036316e+01
3.963963963963963977e+01,9.686214361757883751e+01
3.973973973973973983e+01,9.451701003692164704e+01
3.983983983983983990e+01,8.985822151482237530e+01
3.993993993993993996e+01,8.790723379100559498e+01
4.004004004004004003e+01,9.669178241251846373e+01
4.014014014014014009e+01,8.632076337163881874e+01
4.024024024024024015e+01,8.598148895413918069e+01
4.034034034034034022e+01,9.825883751007125966e+01
4.044044044044044028e+01,9.635447276103175795e+01
4.054054054054054035e+01,8.699809152920781230e+01
4.064064064064064041e+01,9.650224557570955142e+01
4.074074074074074048e+01,7.942312186685830966e+01
4.084084084084084054e+01,8.519612352500155339e+01
4.094094094094094061e+01,8.775817245796486077e+01
4.104104104104104067e+01,9.363672345849128931e+01
4.114114114114114074e+01,7.781374304412038612e+01
4.124124124124124080e+01,8.879704693971736162e+01
4.134134134134134086e+01,9.342308696699237203e+01
4.144144144144144093e+01,8.883917546695860779e+01
4.154154154154154099e+01,8.230470667382972749e+01
4.164164164164164106e+01,9.198278956138679519e+01
4.174174174174174112e+01,7.862674530840611453e+01
4.184184184184184119e+01,8.113304946451947330e+01
4.194194194194194125e+01,7.976443221852272814e+01
4.204204204204204132e+01,8.387007943650179698e+01
4.214214214214214138e+01,7.347090916020061968e+01
4.224224224224224145e+01,7.111426767608352861e+01
4.234234234234234151e+01,7.294925388816646716e+01
4.244244244244244157e+01,7.185256879890617654e+01
4.254254254254254164e+01,7.147068116727533038e+01
4.264264264264264170e+01,8.533718006979660231e+01
4.274274274274274887e+01,7.434656653480234922e+01
4.284284284284284894e+01,7.367692911598733474e+01
4.294294294294294900e+01,6.856256344657380453e+01
4.304304304304304907e+01,7.253183562823191721e+01
4.314314314314314913e+01,7.781815138893271921e+01
4.324324324324324920e+01,7.793728414207312483e+01
4.334334334334334926e+01,7.044153383937522506e+01
4.344344344344344933e+01,7.464970682642916699e+01
4.354354354354354939e+01,8.186826260866342864e+01
4.364364364364364945e+01,7.410505148246824092e+01
4.374374374374374952e+01,7.652988981281377789e+01
4.384384384384384958e+01,7.932372847765896040e+01
4.394394394394394965e+01,6.316711198323613274e+01
4.404404404404404971e+01,7.224071436914884714e+01
4.414414414414414978e+01,6.700342410477850308e+01
4.424424424424424984e+01,6.990726185360732359e+01
4.434434434434434991e+01,7.167660068268571649e+01
4.444444444444444997e+01,7.244883748773237642e+01
4.454454454454455004e+01,7.212195772397407723e+01
4.464464464464465010e+01,5.998844060852915305e+01
4.474474474474475016e+01,6.478010337786255946e+01
4.484484484484485023e+01,6.196567626247326643e+01
4.494494494494495029e+01,6.250999335317355587e+01
4.504504504504505036e+01,6.147493999025488876e+01
4.514514514514515042e+01,6.253041129438629753e+01
4.524524524524525049e+01,7.026677306932705847e+01
4.534534534534535055e+01,6.853340676150513389e+01
4.544544544544545062e+01,6.182146924734386317e+01
4.554554554554555068e+01,5.519287728323354969e+01
4.564564564564565075e+01,6.477741975812601538e+01
4.574574574574575081e+01,7.189803123910866134e+01
4.584584584584585087e+01,6.913665470508971111e+01
4.594594594594595094e+01,6.102470519120183923e+01
4.604604604604605100e+01,6.300583545863519674e+01
4.614614614614615107e+01,7.085577994381183942e+01
4.624624624624625113e+01,5.750007116511770988e+01
4.634634634634635120e+01,6.608849202670674572e+01
4.644644644644645126e+01,5.376867072218443866e+01
4.654654654654655133e+01,5.783257791452749075e+01
4.664664664664665139e+01,6.129251048129869162e+01
4.674674674674675146e+01,5.821770471869861296e+01
4.684684684684685152e+01,6.013731982737829895e+01
4.694694694694695158e+01,5.490096603008782239e+01
4.704704704704705165e+01,5.047020223199130129e+01
4.714714714714715171e+01,6.317902113514807638e+01
4.724724724724725178e+01,5.477199690065873483e+01
4.734734734734735184e+01,5.973538444704515626e+01
4.744744744744745191e+01,4.943844225490686739e+01
4.754754754754755197e+01,6.265000343974422492e+01
4.764764764764765204e+01,5.619883324337019559e+01
4.774774774774775210e+01,6.132177415985280078e+01
4.784784784784785217e+01,5.076551271700017764e+01
4.794794794794795223e+01,6.304971747295340379e+01
4.804804804804805229e+01,5.569578205970714180e+01
4.814814814814815236e+01,5.018678634890093804e+01
4.824824824824825242e+01,5.461889684267841005e+01
4.834834834834835249e+01,6.031277868520345464e+01
4.844844844844845255e+01,4.925761071080766840e+01
4.854854854854855262e+01,5.248934145837101539e+01
4.864864864864865268e+01,4.852548851952530384e+01
4.874874874874875275e+01,4.587959151913779010e+01
4.884884884884885281e+01,6.090372028652326719e+01
4.894894894894895288e+01,6.069996691810402467e+01
4.904904904904905294e+01,4.957797364169194765e+01
4.914914914914915300e+01,5.009686011802857308e+01
4.924924924924925307e+01,4.298616749998404885e+01
4.934934934934935313e+01,4.498557817463345998e+01
4.944944944944945320e+01,4.307958359185180797e+01
4.954954954954955326e+01,5.530896260720009394e+01
4.964964964964965333e+01,5.227779623916148921e+01
4.974974974974975339e+01,5.730483295132802368e+01
4.984984984984985346e+01,5.691152577907311638e+01
4.994994994994995352e+01,4.543380778960627708e+01
5.005005005005005358e+01,5.481312553972662727e+01
5.015015015015015365e+01,4.123226442124986590e+01
5.025025025025025371e+01,4.465072944415833689e+01
5.035035035035035378e+01,3.675312209930917362e+01
5.045045045045045384e+01,4.483689537166370087e+01
5.055055055055055391e+01,4.496893005078660366e+01
5.065065065065065397e+01,3.702505909115942728e+01
5.075075075075075404e+01,4.777060800080583647e+01
5.085085085085085410e+01,5.219630268887994617e+01
5.095095095095095417e+01,4.268536440022212020e+01
5.105105105105105423e+01,4.343377804481301041e+01
5.115115115115115429e+01,3.723941983809376666e+01
5.125125125125125436e+01,4.149540914129930513e+01
5.135135135135135442e+01,3.949783443624038171e+01
5.145145145145145449e+01,3.936764514670460358e+01
5.155155155155155455e+01,4.189012500430347075e+01
5.165165165165165462e+01,4.836805393575750145e+01
5.175175175175175468e+01,3.528975832721670969e+01
5.185185185185185475e+01,3.951729161895379150e+01
5.195195195195195481e+01,3.272598396163728296e+01
5.205205205205205488e+01,3.556899909607344767e+01
5.215215215215215494e+01,4.123998802180016554e+01
5.225225225225225500e+01,4.607316958009574392e+01
5.235235235235235507e+01,3.277442909888463873e+01
5.245245245245245513e+01,4.455959805039191934e+01
5.255255255255255520e+01,4.769018088003045364e+01
5.265265265265265526e+01,3.776393135972322312e+01
5.275275275275275533e+01,3.654106908218972904e+01
5.285285285285285539e+01,4.783272665564516046e+01
5.295295295295295546e+01,4.776661778173604489e+01
5.305305305305305552e+01,4.783262574700189163e+01
5.315315315315315559e+01,4.401442645321540681e+01
5.325325325325325565e+01,3.258518554361339170e+01
5.335335335335335571e+01,4.156796069636799729e+01
5.345345345345345578e+01,4.278257906201422145e+01
5.355355355355355584e+01,3.557734000130304963e+01
5.365365365365365591e+01,4.449076815247656924e+01
5.375375375375375597e+01,3.665368035644175393e+01
5.385385385385385604e+01,4.153486414524382297e+01
5.395395395395395610e+01,3.826444150482944195e+01
5.405405405405405617e+01,3.981032049626836766e+01
5.415415415415415623e+01,4.596999287304142712e+01
5.425425425425425630e+01,4.244259938279874689e+01
5.435435435435435636e+01,4.048645265992586673e+01
5.445445445445445642e+01,4.562498342038740162e+01
5.455455455455455649e+01,3.355700381439428526e+01
5.465465465465465655e+01,3.563272984388211029e+01
5.475475475475475662e+01,3.088141603778520761e+01
5.485485485485485668e+01,3.751296176412684247e+01
5.495495495495495675e+01,3.486022989592524368e+01
5.505505505505505681e+01,3.995003844992231734e+01
5.515515515515515688e+01,2.981976265648799540e+01
5.525525525525525694e+01,4.099881997978707204e+01
5.535535535535535701e+01,3.056685635060043182e+01
5.545545545545545707e+01,4.177005735709165180e+01
5.555555555555555713e+01,3.306742372254670670e+01
5.565565565565565720e+01,2.923652198573987704e+01
5.575575575575575726e+01,3.266156597586888211e+01
5.585585585585585733e+01,2.965305383618972712e+01
5.595595595595595739e+01,3.702263040289288654e+01
5.605605605605605746e+01,3.907026636090810712e+01
5.615615615615615752e+01,3.528169553395923685e+01
5.625625625625625759e+01,3.268147511738693112e+01
5.635635635635635765e+01,3.300711193991407555e+01
5.645645645645645772e+01,4.214377752922940346e+01
5.655655655655655778e+01,3.207484308215272506e+01
5.665665665665665784e+01,2.669823825338246337e+01
5.675675675675675791e+01,3.105307184570550660e+01
5.685685685685685797e+01,2.692793696413081861e+01
5.695695695695695804e+01,2.550726460783522498e+01
5.705705705705705810e+01,3.631819817490713831e+01
5.715715715715715817e+01,3.253501968635023900e+01
5.725725725725725823e+01,2.229366011333792130e+01
5.735735735735735830e+01,2.725387682885068585e+01
5.745745745745745836e+01,3.390490903918174581e+01
5.755755755755755843e+01,3.191011443268106973e+01
5.765765765765765849e+01,2.449734707286267366e+01
5.775775775775775855e+01,3.215891440338495499e+01
5.785785785785785862e+01,2.262691759778718037e+01
5.795795795795795868e+01,3.185327816142790880e+01
5.805805805805805875e+01,3.986955325313328302e+01
5.815815815815815881e+01,3.127818490246606586e+01
5.825825825825825888e+01,2.747032602664877388e+01
5.835835835835835894e+01,2.913785604691275566e+01
5.845845845845845901e+01,3.997548331353252138e+01
5.855855855855855907e+01,3.237279056626684337e+01
5.865865865865865914e+01,2.554563248308554435e+01
5.875875875875875920e+01,3.170626379351014279e+01
5.885885885885885926e+01,2.448007590196734995e+01
5.895895895895895933e+01,2.363554922357544896e+01
5.905905905905905939e+01,3.777851469378650506e+01
5.915915915915915946e+01,3.919419910174121213e+01
5.925925925925925952e+01,3.176559861759187697e+01
5.935935935935935959e+01,3.773209924816652006e+01
5.945945945945945965e+01,2.089247407185016669e+01
5.955955955955955972e+01,3.192518322830937194e+01
5.965965965965965978e+01,3.677023482907024743e+01
5.975975975975975985e+01,2.943719236694705188e+01
5.985985985985986702e+01,3.189113659525175137e+01
5.995995995995996708e+01,1.969083169949297840e+01
6.006006006006006714e+01,2.008430904854257193e+01
6.016016016016016721e+01,2.691268600703047298e+01
6.026026026026026727e+01,3.684452614302173856e+01
6.036036036036036734e+01,2.755812729194362021e+01
6.046046046046046740e+01,2.735604577246520108e+01
6.056056056056056747e+01,3.432258256582514377e+01
6.066066066066066753e+01,3.412743200772310104e+01
6.076076076076076760e+01,3.335834588999610162e+01
6.086086086086086766e+01,2.290859329400855415e+01
6.096096096096096772e+01,2.207427787381450912e+01
6.106106106106106779e+01,3.525948514499923192e+01
6.116116116116116785e+01,1.863239402443833370e+01
6.126126126126126792e+01,3.046240833993054054e+01
6.136136136136136798e+01,3.320628806672442579e+01
6.146146146146146805e+01,3.424933803553091138e+01
6.156156156156156811e+01,1.983477161781480191e+01
6.166166166166166818e+01,3.610007360528414466e+01
6.176176176176176824e+01,2.746822157550782606e+01
6.186186186186186831e+01,2.563381487386678259e+01
6.196196196196196837e+01,2.666771629009465983e+01
6.206206206206206843e+01,2.973821552759095965e+01
6.216216216216216850e+01,2.105803324334097226e+01
6.226226226226226856e+01,3.326763558915192220e+01
6.236236236236236863e+01,1.667011938271429017e+01
6.246246246246246869e+01,2.218615148697477579e+01
6.256256256256256876e+01,2.573008716847335364e+01
6.266266266266266882e+01,3.003551674505551716e+01
6.276276276276276889e+01,2.465497570680717843e+01
6.286286286286286895e+01,1.684528939595855590e+01
6.296296296296296902e+01,2.736270560467241353e+01
6.306306306306306908e+01,2.743613705453807938e+01
6.316316316316316914e+01,2.843181781987474466e+01
6.326326326326326921e+01,2.001904011147984619e+01
6.336336336336336927e+01,3.511242886661823803e+01
6.346346346346346934e+01,3.299036062307265382e+01
6.356356356356356940e+01,2.399618643686784480e+01
6.366366366366366947e+01,2.844756475707736598e+01
6.376376376376376953e+01,2.976229901205755723e+01
6.386386386386386960e+01,1.722686061113633826e+01
6.396396396396396966e+01,2.595125989037777714e+01
6.406406406406406973e+01,2.312620603217425952e+01
6.416416416416416268e+01,2.164701691558255447e+01
6.426426426426426985e+01,3.146586493328000245e+01
6.436436436436436281e+01,1.577367756539959487e+01
6.446446446446446998e+01,1.734921231419479781e+01
6.456456456456456294e+01,1.563262661189143188e+01
6.466466466466467011e+01,3.299192695940719489e+01
6.476476476476476307e+01,3.305291771485730834e+01
6.486486486486487024e+01,3.175120591950221893e+01
6.496496496496496320e+01,1.646542044064650767e+01
6.506506506506507037e+01,2.995229218580690045e+01
6.516516516516516333e+01,1.938203316456801062e+01
6.526526526526527050e+01,1.410237324728021946e+01
6.536536536536536346e+01,2.305515353588482697e+01
6.546546546546547063e+01,1.559297770264872085e+01
6.556556556556556359e+01,3.199166969794772086e+01
6.566566566566567076e+01,2.124146379096588433e+01
6.576576576576576372e+01,2.582686793587224017e+01
6.586586586586587089e+01,2.795766869640701913e+01
6.596596596596596385e+01,1.649839500316345564e+01
6.606606606606607102e+01,3.276598548793206334e+01
6.616616616616616398e+01,2.502988354611275668e+01
6.626626626626627115e+01,1.843815119228846555e+01
6.636636636636636410e+01,3.216628225783606609e+01
6.646646646646647127e+01,1.687474541037543219e+01
6.656656656656656423e+01,2.976205800823824887e+01
6.666666666666667140e+01,1.530561355068914864e+01
6.676676676676676436e+01,2.596968762182297752e+01
6.686686686686687153e+01,2.324487317635862382e+01
6.696696696696696449e+01,2.217263652525905115e+01
6.706706706706707166e+01,1.760897883539895759e+01
6.716716716716716462e+01,2.919302643201714176e+01
6.726726726726727179e+01,2.081034749064423295e+01
6.736736736736736475e+01,1.241105471572779173e+01
6.746746746746747192e+01,2.338070975238376192e+01
6.756756756756756488e+01,2.966985703368366245e+01
6.766766766766767205e+01,1.794299224981043750e+01
6.776776776776776501e+01,1.522868487758405642e+01
6.786786786786787218e+01,1.942653343744688499e+01
6.796796796796796514e+01,2.207124610206840387e+01
6.806806806806807231e+01,1.892526471492065454e+01
6.816816816816816527e+01,3.090790599389814375e+01
6.826826826826827244e+01,1.947889348390397757e+01
6.836836836836837961e+01,2.244904602475829591e+01
6.846846846846847257e+01,2.039396408214733825e+01
6.856856856856857974e+01,2.663514566748884960e+01
6.866866866866867269e+01,1.242330956554487464e+01
6.876876876876877986e+01,2.962379544833104816e+01
6.886886886886887282e+01,3.041532816925523974e+01
6.896896896896897999e+01,1.298909219147663663e+01
6.906906906906907295e+01,1.387690000623489794e+01
6.916916916916918012e+01,1.842609440802900167e+01
6.926926926926927308e+01,2.258928788828732337e+01
6.936936936936938025e+01,1.482441051636538454e+01
6.946946946946947321e+01,2.727119761010499133e+01
6.956956956956958038e+01,2.219502994225216597e+01
6.966966966966967334e+01,1.298633626588505763e+01
6.976976976976978051e+01,1.805369137633553223e+01
6.986986986986987347e+01,1.118307187676776238e+01
6.996996996996998064e+01,2.370228758028291338e+01
7.007007007007007360e+01,1.583059945667761248e+01
7.017017017017018077e+01,2.253761089315051791e+01
7.027027027027027373e+01,1.383090708199519270e+01
7.037037037037038090e+01,2.291904087144376234e+01
7.047047047047047386e+01,1.448803382671929896e+01
7.057057057057058103e+01,2.966894733876112866e+01
7.067067067067067399e+01,2.367528787993050088e+01
7.077077077077078116e+01,1.576102535652394110e+01
7.087087087087087411e+01,1.566535294954403668e+01
7.097097097097098128e+01,2.729882966150934820e+01
7.107107107107107424e+01,1.148544765086111852e+01
7.117117117117118141e+01,2.730963074297889648e+01
7.127127127127127437e+01,1.178727758359070421e+01
7.137137137137138154e+01,2.845863781667832981e+01
7.147147147147147450e+01,1.765016960375128008e+01
7.157157157157158167e+01,2.255269045095968039e+01
7.167167167167167463e+01,1.666666697287674381e+01
7.177177177177178180e+01,1.784818066767341094e+01
7.187187187187187476e+01,2.770682893275959913e+01
7.197197197197198193e+01,2.233587815700261814e+01
7.207207207207207489e+01,2.550863679554837660e+01
7.217217217217218206e+01,2.615219791714881126e+01
7.227227227227227502e+01,1.356945301706653240e+01
7.237237237237238219e+01,1.384399869461826427e+01
7.247247247247247515e+01,2.076696637671896184e+01
7.257257257257258232e+01,1.699552119167078956e+01
7.267267267267267528e+01,1.680086704590361890e+01
7.277277277277278245e+01,2.618361805702958023e+01
7.287287287287287540e+01,2.848048812935721941e+01
7.297297297297298257e+01,1.458008146674473693e+01
7.307307307307307553e+01,1.926852616973388166e+01
7.317317317317318270e+01,1.720583404253689963e+01
7.327327327327327566e+01,1.559077930870952322e+01
7.337337337337338283e+01,2.791568923186724049e+01
7.347347347347347579e+01,1.812208706193831986e+01
7.357357357357358296e+01,1.333371560333865347e+01
7.367367367367367592e+01,1.685800028148747742e+01
7.377377377377378309e+01,1.365996489853860574e+01
7.387387387387387605e+01,2.485742293227594502e+01
7.397397397397398322e+01,2.543958580345505283e+01
7.407407407407407618e+01,1.287122982299075602e+01
7.417417417417418335e+01,2.209007534345263224e+01
7.427427427427427631e+01,2.083731229222716763e+01
7.437437437437438348e+01,1.656358208734377158e+01
7.447447447447447644e+01,1.574725063284301108e+01
7.457457457457458361e+01,1.145404052328457922e+01
7.467467467467467657e+01,1.619555221880214901e+01
7.477477477477478374e+01,1.889576685541650392e+01
7.487487487487487670e+01,1.915583972444056826e+01
7.497497497497498387e+01,2.606827587578416328e+01
7.507507507507507682e+01,2.037486136149001226e+01
7.517517517517518399e+01,1.549415231595413900e+01
7.527527527527527695e+01,1.743363045810441747e+01
7.537537537537538412e+01,2.359706695685655475e+01
7.547547547547547708e+01,8.275202575346590095e+00
7.557557557557558425e+01,1.274688892529937156e+01
7.567567567567567721e+01,1.034620215820934064e+01
7.577577577577578438e+01,2.675496673216738230e+01
7.587587587587587734e+01,1.346919038938071012e+01
7.597597597597598451e+01,2.128369987642267702e+01
7.607607607607607747e+01,1.796327660986416319e+01
7.617617617617618464e+01,1.638857281353350359e+01
7.627627627627627760e+01,2.311505295323813058e+01
7.637637637637638477e+01,1.691261473774993362e+01
7.647647647647647773e+01,2.648241127634994996e+01
7.657657657657658490e+01,1.210979781751595041e+01
7.667667667667667786e+01,1.253069409405760659e+01
7.677677677677678503e+01,2.617226938521736912e+01
7.687687687687687799e+01,1.305382832040311847e+01
7.697697697697698516e+01,8.109788104204259440e+00
7.707707707707707812e+01,1.733155626947051431e+01
7.717717717717718529e+01,2.227468400704593776e+01
7.727727727727727824e+01,1.875795273960870091e+01
7.737737737737738541e+01,9.799271530043249356e+00
7.747747747747747837e+01,2.010531380079696362e+01
7.757757757757758554e+01,8.048868905932733853e+00
7.767767767767767850e+01,1.362609916778549746e+01
7.777777777777778567e+01,1.249013866711639409e+01
7.787787787787787863e+01,9.363869243539074461e+00
7.797797797797798580e+01,1.067658144013078214e+01
7.807807807807807876e+01,1.212500091318172046e+01
7.817817817817818593e+01,2.023684806789579937e+01
7.827827827827827889e+01,1.536078632662127674e+01
7.837837837837838606e+01,2.203175003679805144e+01
7.847847847847847902e+01,2.266102720209705268e+01
7.857857857857858619e+01,2.461751276174526737e+01
7.867867867867867915e+01,2.548181121135198168e+01
7.877877877877878632e+01,9.705531813213839953e+00
7.887887887887887928e+01,2.422776651569862594e+01
7.897897897897898645e+01,1.499156891691353621e+01
7.907907907907907941e+01,1.305398910201280671e+01
7.917917917917918658e+01,1.307937617844881117e+01
7.927927927927927954e+01,1.547070838977720619e+01
7.937937937937938671e+01,1.884793864928857232e+01
7.947947947947947966e+01,1.763020551413436365e+01
7.957957957957958683e+01,2.477619271455826677e+01
7.967967967967967979e+01,1.309743636176586179e+01
7.977977977977978696e+01,9.867578596783076250e+00
7.987987987987987992e+01,2.151554743151010740e+01
7.997997997997998709e+01,1.248854315437264795e+01
8.008008008008008005e+01,8.608131958007128048e+00
8.018018018018018722e+01,1.561039957218364549e+01
8.028028028028028018e+01,1.017776964580722421e+01
8.038038038038038735e+01,1.731126867989077311e+01
8.048048048048048031e+01,2.331577558941382478e+01
8.058058058058058748e+01,2.395109459673614438e+01
8.068068068068068044e+01,2.324331947820928335e+01
8.078078078078078761e+01,1.774967684098709242e+01
8.088088088088088057e+01,1.880956284757581187e+01
8.098098098098098774e+01,1.961959529741227115e+01
8.108108108108108070e+01,1.683819395534767693e+01
8.118118118118118787e+01,2.625358278276446100e+01
8.128128128128128083e+01,1.722998843631891930e+01
8.138138138138138800e+01,1.343898182317915513e+01
8.148148148148148096e+01,1.241995816357935567e+01
8.158158158158158813e+01,1.340076026201498038e+01
8.168168168168168108e+01,1.217686286922261374e+01
8.178178178178178825e+01,9.924113537189692025e+00
8.188188188188188121e+01,2.462360501457283135e+01
8.198198198198198838e+01,1.411845321462597980e+01
8.208208208208208134e+01,1.899233762555852323e+01
8.218218218218218851e+01,2.241942635304545561e+01
8.228228228228228147e+01,1.846496598988655791e+01
8.238238238238238864e+01,6.739953229909846577e+00
8.248248248248248160e+01,1.410418395051131668e+01
8.258258258258258877e+01,9.098391051352789916e+00
8.268268268268268173e+01,2.459736989067029356e+01
8.278278278278278890e+01,6.889435255808748160e+00
8.288288288288288186e+01,1.343758601897503979e+01
8.298298298298298903e+01,2.057854900642985996e+01
8.308308308308308199e+01,1.861935809523503238e+01
8.318318318318318916e+01,1.704261919790829793e+01
8.328328328328328212e+01,1.757068699917378751e+01
8.338338338338338929e+01,1.824224282950467924e+01
8.348348348348348225e+01,1.115800610085777222e+01
8.358358358358358942e+01,1.461013813325255661e+01
8.368368368368368237e+01,2.303427065813110630e+01
8.378378378378378954e+01,1.514518321895776864e+01
8.388388388388388250e+01,9.164233184541039634e+00
8.398398398398398967e+01,1.197264744900005340e+01
8.408408408408408263e+01,2.484955746150281897e+01
8.418418418418418980e+01,1.742246101932223468e+01
8.428428428428428276e+01,2.326794107394163191e+01
8.438438438438438993e+01,2.504811948198396365e+01
8.448448448448448289e+01,2.387263613963195397e+01
8.458458458458459006e+01,1.261304742735367412e+01
8.468468468468468302e+01,2.457387698805337806e+01
8.478478478478479019e+01,7.598804047138141726e+00
8.488488488488488315e+01,1.703968621949346840e+01
8.498498498498499032e+01,2.386179638154936811e+01
8.508508508508508328e+01,7.737034090532569408e+00
8.518518518518519045e+01,2.102266317861831624e+01
8.528528528528528341e+01,1.016606041245194447e+01
8.538538538538539058e+01,1.210372776952308627e+01
8.548548548548549775e+01,1.930554457902698928e+01
8.558558558558559071e+01,1.368049105192018189e+01
8.568568568568569788e+01,1.752401326526980085e+01
8.578578578578579084e+01,9.255472275187980102e+00
8.588588588588589801e+01,1.628589072279177330e+01
8.598598598598599096e+01,9.046573702268586814e+00
8.608608608608609813e+01,2.248778790926521509e+01
8.618618618618619109e+01,2.066670220501393374e+01
8.628628628628629826e+01,8.389338854380287813e+00
8.638638638638639122e+01,1.677478461701252854e+01
8.648648648648649839e+01,1.048060240548574207e+01
8.658658658658659135e+01,2.457314084539084931e+01
8.668668668668669852e+01,1.311922866493258510e+01
8.678678678678679148e+01,1.750495038832448458e+01
8.688688688688689865e+01,1.661088516873239840e+01
8.698698698698699161e+01,7.311686375432779883e+00
8.708708708708709878e+01,2.493662855751848895e+01
8.718718718718719174e+01,1.913515039584042299e+01
8.728728728728729891e+01,1.180178830710652882e+01
8.738738738738739187e+01,2.254057113185579908e+01
8.748748748748749904e+01,1.967994588460322092e+01
8.758758758758759200e+01,2.017416793704769162e+01
8.768768768768769917e+01,1.333288237276805255e+01
8.778778778778779213e+01,2.319715184360934757e+01
8.788788788788789930e+01,1.234671087411906143e+01
8.798798798798799226e+01,1.459455136622116811e+01
8.808808808808809943e+01,1.510540367606322398e+01
8.818818818818819238e+01,5.136782743965615516e+00
8.828828828828829955e+01,2.149601086358049429e+01
8.838838838838839251e+01,1.997526294230056365e+01
8.848848848848849968e+01,2.107083919400239935e+01
8.858858858858859264e+01,1.597955821188750392e+01
8.868868868868869981e+01,5.604397846919757065e+00
8.878878878878879277e+01,6.372868729589239223e+00
8.888888888888889994e+01,1.070216164122842706e+01
8.898898898898899290e+01,1.056743189798953786e+01
8.908908908908910007e+01,2.207571894207405805e+01
8.918918918918919303e+01,4.864907967457106963e+00
8.928928928928930020e+01,1.879593320511861521e+01
8.938938938938939316e+01,2.184339463607577159e+01
8.948948948948950033e+01,1.971135754699797715e+01
8.958958958958959329e+01,2.387934852940351504e+01
8.968968968968970046e+01,1.583822544863793880e+01
8.978978978978979342e+01,1.934091932454309060e+01
8.988988988988990059e+01,2.056110106775640034e+01
8.998998998998999355e+01,2.388952106219958083e+01
9.009009009009010072e+01,1.462756370073896406e+01
9.019019019019019368e+01,2.049355240123968969e+01
9.029029029029030085e+01,1.191525131799360437e+01
9.039039039039039380e+01,1.092647984731230615e+01
9.049049049049050097e+01,1.283050807590113074e+01
9.059059059059059393e+01,2.314811119588602040e+01
9.069069069069070110e+01,1.178364621383983391e+01
9.079079079079079406e+01,1.618900284945881296e+01
9.089089089089090123e+01,7.934228734355000867e+00
9.099099099099099419e+01,8.953645202195374964e+00
9.109109109109110136e+01,6.049001388134783497e+00
9.119119119119119432e+01,2.029583630703874775e+01
9.129129129129130149e+01,1.058917097262570017e+01
9.139139139139139445e+01,2.117287317158799453e+01
9.149149149149150162e+01,1.250729790174764844e+01
9.159159159159159458e+01,1.861512329226292906e+01
9.169169169169170175e+01,2.135125397872699082e+01
9.179179179179179471e+01,6.551454418153261017e+00
9.189189189189190188e+01,1.128765342296859586e+01
9.199199199199199484e+01,1.978947167065635071e+01
9.209209209209210201e+01,1.836411672909946091e+01
9.219219219219219497e+01,7.204971447457637623e+00
9.229229229229230214e+01,1.604204465844176042e+01
9.239239239239239510e+01,9.544201199636653143e+00
9.249249249249250227e+01,2.213071069501294375e+01
9.259259259259259522e+01,1.831492625686295384e+01
9.269269269269270239e+01,1.914770770616599549e+01
9.279279279279279535e+01,1.002834189828621803e+01
9.289289289289290252e+01,1.451295785782956216e+01
9.299299299299299548e+01,1.952555094349877152e+01
9.309309309309310265e+01,2.236778537702100422e+01
9.319319319319319561e+01,1.127305371834143699e+01
9.329329329329330278e+01,1.791965141269700723e+01
9.339339339339339574e+01,2.338218834513184063e+01
9.349349349349350291e+01,1.846631549666781069e+01
9.359359359359359587e+01,6.931363631414299675e+00
9.369369369369370304e+01,1.871699000367546262e+01
9.379379379379379600e+01,1.532116847473628596e+01
9.389389389389390317e+01,1.611197120822113504e+01
9.399399399399399613e+01,1.532662941619343755e+01
9.409409409409410330e+01,2.133517682143705940e+01
9.419419419419419626e+01,1.657434051987182144e+01
9.429429429429430343e+01,1.283272369444508776e+01
9.439439439439439639e+01,4.103967138904189405e+00
9.449449449449450356e+01,5.023625869469107386e+00
9.459459459459459651e+01,7.107241746562692697e+00
9.469469469469470368e+01,2.326987431480227997e+01
9.479479479479479664e+01,1.528574458959436555e+01
9.489489489489490381e+01,9.537120193588579653e+00
9.499499499499499677e+01,1.799291850537891335e+01
9.509509509509510394e+01,2.259804621152871817e+01
9.519519519519519690e+01,1.557833069244933277e+01
9.529529529529530407e+01,1.393603734893127211e+01
9.539539539539539703e+01,2.150612437494445928e+01
9.549549549549550420e+01,7.848908038460788106e+00
9.559559559559559716e+01,7.765005728847921063e+00
9.569569569569570433e+01,2.288966671705419031e+01
9.579579579579579729e+01,4.471269371508155288e+00
9.589589589589590446e+01,9.095494088825063272e+00
9.599599599599599742e+01,7.795433947041107814e+00
9.609609609609610459e+01,5.495943129474593292e+00
9.619619619619619755e+01,1.556247948136828896e+01
9.629629629629630472e+01,2.269248532613176650e+01
9.639639639639639768e+01,8.889875316263049498e+00
9.649649649649650485e+01,1.341964902323066866e+01
9.659659659659659781e+01,6.870293681151396825e+00
9.669669669669670498e+01,1.996926665997663264e+01
9.679679679679679793e+01,1.255117108445878316e+01
9.689689689689690510e+01,2.285710726001316928e+01
9.699699699699699806e+01,4.823144065416171244e+00
9.709709709709710523e+01,7.468369458743394418e+00
9.719719719719719819e+01,2.054176713248457276e+01
9.729729729729730536e+01,1.070521989926229089e+01
9.739739739739739832e+01,7.214506037331785748e+00
9.749749749749750549e+01,2.117512500465263514e+01
9.759759759759759845e+01,2.111883687194384152e+01
9.769769769769770562e+01,4.833827577940040143e+00
9.779779779779779858e+01,1.098670580095488880e+01
9.789789789789790575e+01,2.232950102171529849e+01
9.799799799799799871e+01,1.811673909093736512e+01
9.809809809809810588e+01,1.788285387551018957e+01
9.819819819819819884e+01,2.235878393087070393e+01
9.829829829829830601e+01,1.516131859550090866e+01
9.839839839839839897e+01,1.699763096565698106e+01
9.849849849849850614e+01,1.081942436822808951e+01
9.859859859859859910e+01,1.370050858719602971e+01
9.869869869869870627e+01,1.248190856858392550e+01
9.879879879879879923e+01,2.141578666856644730e+01
9.889889889889890640e+01,4.370634438540452749e+00
9.899899899899899935e+01,6.410139840776375664e+00
9.909909909909910652e+01,1.610773272040736259e+01
9.919919919919919948e+01,1.332267517404729773e+01
9.929929929929930665e+01,1.878411003351925501e+01
9.939939939939939961e+01,1.954855161396565322e+01
9.949949949949950678e+01,1.537109420556143569e+01
9.959959959959959974e+01,3.798544454292306138e+00
9.969969969969970691e+01,1.038686508002479414e+01
9.979979979979979987e+01,1.617376067352011759e+01
9.989989989989990704e+01,9.634169263344432466e+00
1.000000000000000000e+02,1.957041946748865868e+01
